"diffs": [(188,21,54), (572,62,32), (387,204,45), (224,276,26), (229,449,73)]
"diffs": [(378,30,35), (240,159,33), (572,256,31), (63,293,52), (565,391,52)]
"diffs": [(606,158,43), (193,214,24), (373,231,51), (510,243,73), (166,258,46)]
"diffs": [(74,64,54), (605,127,42), (144,297,42), (537,333,26), (414,408,57)]
"diffs": [(443,146,23), (316,150,54), (71,206,79), (352,265,29), (138,403,26)]
"diffs": [(279,110,48), (516,161,44), (517,310,30), (84,388,23), (375,438,39)]
"diffs": [(152,50,43), (38,309,49), (426,373,76), (578,452,53)]
"diffs": [(73,62,59), (259,159,34), (59,255,56), (526,283,57), (330,290,56)]
"diffs": [(527,52,36), (414,83,43), (31,150,34), (283,249,43), (503,384,141), (492,413,35)]
"diffs": [(602,21,42), (311,128,48), (402,334,58), (71,338,29), (85,426,37)]
"diffs": [(472,18,67), (565,191,73), (244,243,37), (132,451,74), (592,451,49)]
"diffs": [(184,138,51), (580,145,58), (284,270,39), (491,314,32), (84,389,83)]
"diffs": [(542,84,50), (70,91,51), (139,306,64), (464,428,51), (158,439,57)]
"diffs": [(184,138,54), (580,145,60), (284,270,42), (491,314,35), (85,389,86)]
"diffs": [(188,21,54), (572,62,32), (387,204,45), (224,276,26), (229,449,73)]
